-5.000000000000000000e+00 8.298009640821518706e-01
-4.900000000000000355e+00 7.824253178100897266e-01
-4.799999999999999822e+00 7.385706050741049911e-01
-4.700000000000000178e+00 7.241162580409317151e-01
-4.599999999999999645e+00 7.474885102947024240e-01
-4.500000000000000000e+00 7.950405271602185575e-01
-4.400000000000000355e+00 8.385452181469594812e-01
-4.299999999999999822e+00 8.509222943419288976e-01
-4.200000000000000178e+00 8.219733349007861678e-01
-4.099999999999999645e+00 7.656447325554232020e-01
-4.000000000000000000e+00 7.143702575947568079e-01
-3.899999999999999911e+00 7.024630131280104051e-01
-3.799999999999999822e+00 7.462331803443770228e-01
-3.700000000000000178e+00 8.306834128248534732e-01
-3.599999999999999645e+00 9.100954827867598906e-01
-3.500000000000000000e+00 9.236199958973972945e-01
-3.399999999999999911e+00 8.199405123259038142e-01
-3.299999999999999822e+00 5.804986368973719113e-01
-3.200000000000000178e+00 2.308574028522683008e-01
-3.099999999999999645e+00 -1.653664882747858389e-01
-3.000000000000000000e+00 -5.280726385817888779e-01
-2.899999999999999911e+00 -7.890418559419192235e-01
-2.799999999999999822e+00 -9.153992982864205263e-01
-2.699999999999999734e+00 -9.186366102744415452e-01
-2.599999999999999645e+00 -8.459778720631434545e-01
-2.500000000000000000e+00 -7.584992799203211788e-01
-2.399999999999999911e+00 -7.059092610558046488e-01
-2.299999999999999822e+00 -7.088464010088144640e-01
-2.199999999999999734e+00 -7.556481060728190702e-01
-2.099999999999999645e+00 -8.136958240268851172e-01
-2.000000000000000000e+00 -8.488700417760044470e-01
-1.899999999999999911e+00 -8.433608392334495107e-01
-1.799999999999999822e+00 -8.034864578680460667e-01
-1.699999999999999734e+00 -7.544520371197750430e-01
-1.599999999999999645e+00 -7.255078500183320678e-01
-1.500000000000000000e+00 -7.335807865508741088e-01
-1.399999999999999911e+00 -7.739676309393183073e-01
-1.299999999999999822e+00 -8.229122769757200029e-01
-1.199999999999999734e+00 -8.507347301941494688e-01
-1.099999999999999645e+00 -8.386842874534644610e-01
-1.000000000000000000e+00 -7.905813609502896355e-01
-8.999999999999994671e-01 -7.326828319558856828e-01
-7.999999999999998224e-01 -7.009690370875130139e-01
-7.000000000000001776e-01 -7.214471240173441213e-01
-5.999999999999996447e-01 -7.929715273358949323e-01
-5.000000000000000000e-01 -8.815064066230666739e-01
-3.999999999999994671e-01 -9.298129730184677699e-01
-2.999999999999998224e-01 -8.794437976649600586e-01
-1.999999999999992895e-01 -6.959562184104781668e-01
-9.999999999999964473e-02 -3.862563580982603106e-01
0.000000000000000000e+00 0.000000000000000000e+00
1.000000000000005329e-01 3.862563580982635303e-01
2.000000000000001776e-01 6.959562184104803872e-01
3.000000000000007105e-01 8.794437976649610578e-01
4.000000000000003553e-01 9.298129730184676589e-01
5.000000000000000000e-01 8.815064066230666739e-01
6.000000000000005329e-01 7.929715273358940442e-01
7.000000000000001776e-01 7.214471240173441213e-01
8.000000000000007105e-01 7.009690370875130139e-01
9.000000000000003553e-01 7.326828319558860159e-01
1.000000000000000000e+00 7.905813609502896355e-01
1.100000000000000533e+00 8.386842874534647940e-01
1.200000000000000178e+00 8.507347301941494688e-01
1.300000000000000711e+00 8.229122769757195588e-01
1.400000000000000355e+00 7.739676309393178633e-01
1.500000000000000000e+00 7.335807865508741088e-01
1.600000000000000533e+00 7.255078500183321788e-01
1.700000000000000178e+00 7.544520371197751540e-01
1.800000000000000711e+00 8.034864578680468439e-01
1.900000000000000355e+00 8.433608392334498438e-01
2.000000000000000000e+00 8.488700417760044470e-01
2.100000000000000533e+00 8.136958240268847842e-01
2.200000000000000178e+00 7.556481060728185151e-01
2.300000000000000711e+00 7.088464010088141309e-01
2.400000000000000355e+00 7.059092610558046488e-01
2.500000000000000000e+00 7.584992799203211788e-01
2.600000000000000533e+00 8.459778720631445648e-01
2.700000000000000178e+00 9.186366102744418782e-01
2.800000000000000711e+00 9.153992982864199712e-01
2.900000000000000355e+00 7.890418559419182243e-01
3.000000000000000000e+00 5.280726385817888779e-01
3.099999999999999645e+00 1.653664882747858389e-01
3.200000000000001066e+00 -2.308574028522715760e-01
3.300000000000000711e+00 -5.804986368973747979e-01
3.400000000000000355e+00 -8.199405123259047024e-01
3.500000000000000000e+00 -9.236199958973972945e-01
3.599999999999999645e+00 -9.100954827867598906e-01
3.700000000000001066e+00 -8.306834128248524740e-01
3.800000000000000711e+00 -7.462331803443763567e-01
3.900000000000000355e+00 -7.024630131280107381e-01
4.000000000000000000e+00 -7.143702575947568079e-01
4.099999999999999645e+00 -7.656447325554232020e-01
4.200000000000001066e+00 -8.219733349007870560e-01
4.300000000000000711e+00 -8.509222943419285645e-01
4.400000000000000355e+00 -8.385452181469594812e-01
4.500000000000000000e+00 -7.950405271602185575e-01
4.600000000000001421e+00 -7.474885102947014248e-01
4.700000000000001066e+00 -7.241162580409317151e-01
4.800000000000000711e+00 -7.385706050741055462e-01
4.900000000000000355e+00 -7.824253178100897266e-01
5.000000000000000000e+00 -8.298009640821518706e-01
